{"storyBook":null,"controlled":{"value":307},"playerClan":{"value":305},"chapter":-1,"part":-1,"time":0.28625527,"partState":null,"map":{"entities":[{"@class":"me.vinceh121.wanderer.entity.Prop","id":0,"transform":[0.13256687,0.0,-0.99117404,0.0,0.0,1.0,0.0,0.0,0.99117404,0.0,0.13256687,0.0,-6240.3574,-160.0,-3579.6465,1.0],"mass":0.0,"meta":"rock5"},{"@class":"me.vinceh121.wanderer.entity.Prop","id":1,"transform":[-0.45351768,0.0,0.8912473,0.0,0.0,1.0,0.0,0.0,-0.8912473,0.0,-0.45351768,0.0,-5667.569,-160.0,-10001.091,1.0],"mass":0.0,"meta":"rock5"},{"@class":"me.vinceh121.wanderer.entity.Prop","id":2,"transform":[0.9305595,0.0,-0.3661407,0.0,0.0,1.0,0.0,0.0,0.3661407,0.0,0.9305595,0.0,-8265.177,-160.0,-4465.356,1.0],"mass":0.0,"meta":"rock4"},{"@class":"me.vinceh121.wanderer.entity.Prop","id":3,"transform":[0.7934953,0.0,-0.6085764,0.0,0.0,1.0,0.0,0.0,0.6085764,0.0,0.7934953,0.0,-3780.795,-160.0,-3906.7935,1.0],"mass":0.0,"meta":"rock4"},{"@class":"me.vinceh121.wanderer.entity.Prop","id":4,"transform":[0.95269835,0.0,-0.30391753,0.0,0.0,1.0,0.0,0.0,0.30391753,0.0,0.95269835,0.0,-8839.602,-160.0,-2767.1235,1.0],"mass":0.0,"meta":"rock1"},{"@class":"me.vinceh121.wanderer.entity.Prop","id":5,"transform":[-0.3606503,0.0,-0.93270105,0.0,0.0,1.0,0.0,0.0,0.93270105,0.0,-0.3606503,0.0,-3657.2031,-160.0,-7956.3564,1.0],"mass":0.0,"meta":"rock2"},{"@class":"me.vinceh121.wanderer.entity.Prop","id":6,"transform":[0.44353205,0.0,-0.8962585,0.0,0.0,1.0,0.0,0.0,0.8962585,0.0,0.44353205,0.0,-5463.1465,-160.0,-6114.035,1.0],"mass":0.0,"meta":"rock3"},{"@class":"me.vinceh121.wanderer.entity.Prop","id":7,"transform":[0.55744994,0.0,-0.83021057,0.0,0.0,1.0,0.0,0.0,0.83021057,0.0,0.55744994,0.0,-7348.168,-160.0,-2263.1123,1.0],"mass":0.0,"meta":"rock6"},{"@class":"me.vinceh121.wanderer.entity.Prop","id":8,"transform":[0.1572172,0.0,0.9875641,0.0,0.0,1.0,0.0,0.0,-0.9875641,0.0,0.1572172,0.0,-10742.182,-160.0,-4983.6655,1.0],"mass":0.0,"meta":"rock6"},{"@class":"me.vinceh121.wanderer.entity.Prop","id":9,"transform":[-0.94511306,0.0,0.3267434,0.0,0.0,1.0,0.0,0.0,-0.3267434,0.0,-0.94511306,0.0,-11338.628,-160.0,-4425.471,1.0],"mass":0.0,"meta":"rock1"},{"@class":"me.vinceh121.wanderer.entity.Prop","id":10,"transform":[0.62344646,0.0,-0.7818661,0.0,0.0,1.0,0.0,0.0,0.7818661,0.0,0.62344646,0.0,-11979.686,-160.0,-4666.053,1.0],"mass":0.0,"meta":"rock4"},{"@class":"me.vinceh121.wanderer.entity.Prop","id":11,"transform":[-0.95635366,0.0,-0.29221177,0.0,0.0,1.0,0.0,0.0,0.29221177,0.0,-0.95635366,0.0,-5640.9434,-160.0,-9614.966,1.0],"mass":0.0,"meta":"rock5"},{"@class":"me.vinceh121.wanderer.entity.Prop","id":12,"transform":[-0.24200463,0.0,-0.9702751,0.0,0.0,1.0,0.0,0.0,0.9702751,0.0,-0.24200463,0.0,-7647.842,-160.0,-4798.3438,1.0],"mass":0.0,"meta":"rock7"},{"@class":"me.vinceh121.wanderer.entity.Prop","id":13,"transform":[-0.6606308,0.0,0.75071096,0.0,0.0,1.0,0.0,0.0,-0.75071096,0.0,-0.6606308,0.0,-9423.097,-160.0,-7034.6787,1.0],"mass":0.0,"meta":"rock6"},{"@class":"me.vinceh121.wanderer.entity.Prop","id":14,"transform":[0.15273315,0.0,-0.9882675,0.0,0.0,1.0,0.0,0.0,0.9882675,0.0,0.15273315,0.0,-9317.709,-160.0,-8259.719,1.0],"mass":0.0,"meta":"rock6"},{"@class":"me.vinceh121.wanderer.entity.Prop","id":15,"transform":[-0.8524742,0.0,-0.5227692,0.0,0.0,1.0,0.0,0.0,0.5227692,0.0,-0.8524742,0.0,-10190.246,-160.0,-3273.5366,1.0],"mass":0.0,"meta":"rock1"},{"@class":"me.vinceh121.wanderer.entity.Prop","id":16,"transform":[0.33459198,0.0,-0.942363,0.0,0.0,1.0,0.0,0.0,0.942363,0.0,0.33459198,0.0,-5751.9497,-160.0,-7086.4014,1.0],"mass":0.0,"meta":"rock6"},{"@class":"me.vinceh121.wanderer.entity.Prop","id":17,"transform":[-0.9978665,0.0,0.065287694,0.0,0.0,1.0,0.0,0.0,-0.065287694,0.0,-0.9978665,0.0,-11029.852,-160.0,-9123.954,1.0],"mass":0.0,"meta":"rock2"},{"@class":"me.vinceh121.wanderer.entity.Prop","id":18,"transform":[-0.25824404,0.0,0.9660796,0.0,0.0,1.0,0.0,0.0,-0.9660796,0.0,-0.25824404,0.0,-9467.264,-160.0,-5030.338,1.0],"mass":0.0,"meta":"rock4"},{"@class":"me.vinceh121.wanderer.entity.Prop","id":19,"transform":[-0.99887764,0.0,0.04736257,0.0,0.0,1.0,0.0,0.0,-0.04736257,0.0,-0.99887764,0.0,-9890.559,-160.0,-7066.034,1.0],"mass":0.0,"meta":"rock7"},{"@class":"me.vinceh121.wanderer.entity.Prop","id":20,"transform":[-0.21905184,0.0,-0.97571325,0.0,0.0,1.0,0.0,0.0,0.97571325,0.0,-0.21905184,0.0,-4142.439,-160.0,-8442.816,1.0],"mass":0.0,"meta":"rock5"},{"@class":"me.vinceh121.wanderer.entity.Prop","id":21,"transform":[-0.743412,0.0,-0.6688336,0.0,0.0,1.0,0.0,0.0,0.6688336,0.0,-0.743412,0.0,-4293.7417,-160.0,-2851.037,1.0],"mass":0.0,"meta":"rock7"},{"@class":"me.vinceh121.wanderer.entity.Prop","id":22,"transform":[-0.68823683,0.0,-0.7254862,0.0,0.0,1.0,0.0,0.0,0.7254862,0.0,-0.68823683,0.0,-8786.081,-160.0,-8315.622,1.0],"mass":0.0,"meta":"rock4"},{"@class":"me.vinceh121.wanderer.entity.Prop","id":23,"transform":[0.8782466,0.0,0.478208,0.0,0.0,1.0,0.0,0.0,-0.478208,0.0,0.8782466,0.0,-8274.055,-160.0,-7440.0723,1.0],"mass":0.0,"meta":"rock7"},{"@class":"me.vinceh121.wanderer.entity.Prop","id":24,"transform":[0.95863914,0.0,0.28462437,0.0,0.0,1.0,0.0,0.0,-0.28462437,0.0,0.95863914,0.0,-5584.869,-160.0,-7557.469,1.0],"mass":0.0,"meta":"rock6"},{"@class":"me.vinceh121.wanderer.entity.Prop","id":25,"transform":[0.9166653,0.0,0.3996557,0.0,0.0,1.0,0.0,0.0,-0.3996557,0.0,0.9166653,0.0,-8711.557,-160.0,-4970.9487,1.0],"mass":0.0,"meta":"rock5"},{"@class":"me.vinceh121.wanderer.entity.Prop","id":26,"transform":[0.9358573,0.0,-0.35237914,0.0,0.0,1.0,0.0,0.0,0.35237914,0.0,0.9358573,0.0,-5828.8,-160.0,-1922.2979,1.0],"mass":0.0,"meta":"rock6"},{"@class":"me.vinceh121.wanderer.entity.Prop","id":27,"transform":[-0.9257101,0.0,0.37823397,0.0,0.0,1.0,0.0,0.0,-0.37823397,0.0,-0.9257101,0.0,-9552.948,-160.0,-8436.877,1.0],"mass":0.0,"meta":"rock1"},{"@class":"me.vinceh121.wanderer.entity.Prop","id":28,"transform":[-0.834605,0.0,-0.5508489,0.0,0.0,1.0,0.0,0.0,0.5508489,0.0,-0.834605,0.0,-9254.21,-160.0,-4438.645,1.0],"mass":0.0,"meta":"rock5"},{"@class":"me.vinceh121.wanderer.entity.Prop","id":29,"transform":[0.684906,0.0,-0.72863144,0.0,0.0,1.0,0.0,0.0,0.72863144,0.0,0.684906,0.0,-4723.151,-160.0,-7365.197,1.0],"mass":0.0,"meta":"rock6"},{"@class":"me.vinceh121.wanderer.entity.Prop","id":30,"transform":[-0.16615629,0.0,-0.9860994,0.0,0.0,1.0,0.0,0.0,0.9860994,0.0,-0.16615629,0.0,-8558.451,-160.0,-9715.676,1.0],"mass":0.0,"meta":"rock5"},{"@class":"me.vinceh121.wanderer.entity.Prop","id":31,"transform":[-0.9558455,0.0,-0.29386967,0.0,0.0,1.0,0.0,0.0,0.29386967,0.0,-0.9558455,0.0,-8800.93,-160.0,-5982.5474,1.0],"mass":0.0,"meta":"rock5"},{"@class":"me.vinceh121.wanderer.entity.Prop","id":32,"transform":[-0.2972268,0.0,0.95480686,0.0,0.0,1.0,0.0,0.0,-0.95480686,0.0,-0.2972268,0.0,-8721.928,-160.0,-9121.574,1.0],"mass":0.0,"meta":"rock3"},{"@class":"me.vinceh121.wanderer.entity.Prop","id":33,"transform":[-0.041609645,0.0,0.9991339,0.0,0.0,1.0,0.0,0.0,-0.9991339,0.0,-0.041609645,0.0,-6773.473,-160.0,-5144.8994,1.0],"mass":0.0,"meta":"rock3"},{"@class":"me.vinceh121.wanderer.entity.Prop","id":34,"transform":[0.99097884,0.0,-0.13401848,0.0,0.0,1.0,0.0,0.0,0.13401848,0.0,0.99097884,0.0,-8123.802,-160.0,-7543.8506,1.0],"mass":0.0,"meta":"rock2"},{"@class":"me.vinceh121.wanderer.entity.Prop","id":35,"transform":[-0.11618018,0.0,0.99322814,0.0,0.0,1.0,0.0,0.0,-0.99322814,0.0,-0.11618018,0.0,-3394.8008,-160.0,-1696.5928,1.0],"mass":0.0,"meta":"rock6"},{"@class":"me.vinceh121.wanderer.entity.Prop","id":36,"transform":[0.9596424,0.0,0.28122303,0.0,0.0,1.0,0.0,0.0,-0.28122303,0.0,0.9596424,0.0,-7256.983,-160.0,-6248.7466,1.0],"mass":0.0,"meta":"rock1"},{"@class":"me.vinceh121.wanderer.entity.Prop","id":37,"transform":[0.9827417,0.0,0.18498297,0.0,0.0,1.0,0.0,0.0,-0.18498297,0.0,0.9827417,0.0,-7851.5786,-160.0,-9902.037,1.0],"mass":0.0,"meta":"rock1"},{"@class":"me.vinceh121.wanderer.entity.Prop","id":38,"transform":[-0.0102956295,0.0,-0.999947,0.0,0.0,1.0,0.0,0.0,0.999947,0.0,-0.0102956295,0.0,-11136.148,-160.0,-5258.297,1.0],"mass":0.0,"meta":"rock3"},{"@class":"me.vinceh121.wanderer.entity.Prop","id":39,"transform":[0.20761162,0.0,0.97821134,0.0,0.0,1.0,0.0,0.0,-0.97821134,0.0,0.20761162,0.0,-4587.3955,-160.0,-3166.958,1.0],"mass":0.0,"meta":"rock4"},{"@class":"me.vinceh121.wanderer.entity.Prop","id":40,"transform":[-0.14152801,0.0,-0.9899342,0.0,0.0,1.0,0.0,0.0,0.9899342,0.0,-0.14152801,0.0,-6249.318,-160.0,-8658.701,1.0],"mass":0.0,"meta":"rock7"},{"@class":"me.vinceh121.wanderer.entity.Prop","id":41,"transform":[0.07478684,0.0,0.99719954,0.0,0.0,1.0,0.0,0.0,-0.99719954,0.0,0.07478684,0.0,-7252.734,-160.0,-7433.0625,1.0],"mass":0.0,"meta":"rock5"},{"@class":"me.vinceh121.wanderer.entity.Prop","id":42,"transform":[-0.118756294,0.0,0.9929235,0.0,0.0,1.0,0.0,0.0,-0.9929235,0.0,-0.118756294,0.0,-4129.1543,-160.0,-3342.5464,1.0],"mass":0.0,"meta":"rock6"},{"@class":"me.vinceh121.wanderer.entity.Prop","id":43,"transform":[0.018564403,0.0,-0.9998276,0.0,0.0,1.0,0.0,0.0,0.9998276,0.0,0.018564403,0.0,-7832.883,-160.0,-9390.765,1.0],"mass":0.0,"meta":"rock5"},{"@class":"me.vinceh121.wanderer.entity.Prop","id":44,"transform":[0.11897367,0.0,-0.9928974,0.0,0.0,1.0,0.0,0.0,0.9928974,0.0,0.11897367,0.0,-10314.442,-160.0,-6870.0264,1.0],"mass":0.0,"meta":"rock1"},{"@class":"me.vinceh121.wanderer.entity.Prop","id":45,"transform":[0.047227442,0.0,0.9988842,0.0,0.0,1.0,0.0,0.0,-0.9988842,0.0,0.047227442,0.0,-7059.6865,-160.0,-6009.068,1.0],"mass":0.0,"meta":"rock1"},{"@class":"me.vinceh121.wanderer.entity.Prop","id":46,"transform":[0.53764045,0.0,-0.8431742,0.0,0.0,1.0,0.0,0.0,0.8431742,0.0,0.53764045,0.0,-9635.327,-160.0,-3410.6787,1.0],"mass":0.0,"meta":"rock4"},{"@class":"me.vinceh121.wanderer.entity.Prop","id":47,"transform":[0.83260727,0.0,0.5538639,0.0,0.0,1.0,0.0,0.0,-0.5538639,0.0,0.83260727,0.0,-4235.541,-160.0,-4829.9736,1.0],"mass":0.0,"meta":"rock1"},{"@class":"me.vinceh121.wanderer.entity.Prop","id":48,"transform":[0.9669075,0.0,0.25512716,0.0,0.0,1.0,0.0,0.0,-0.25512716,0.0,0.9669075,0.0,-9387.7,-160.0,-6097.2725,1.0],"mass":0.0,"meta":"rock6"},{"@class":"me.vinceh121.wanderer.entity.Prop","id":49,"transform":[0.9442316,0.0,0.32928193,0.0,0.0,1.0,0.0,0.0,-0.32928193,0.0,0.9442316,0.0,-4589.2188,-160.0,-4016.7559,1.0],"mass":0.0,"meta":"rock1"},{"@class":"me.vinceh121.wanderer.entity.Prop","id":50,"transform":[0.2666561,0.0,0.9637917,0.0,0.0,1.0,0.0,0.0,-0.9637917,0.0,0.2666561,0.0,-4062.7246,-160.0,-6587.3467,1.0],"mass":0.0,"meta":"rock1"},{"@class":"me.vinceh121.wanderer.entity.Prop","id":51,"transform":[-0.20472896,0.0,0.9788187,0.0,0.0,1.0,0.0,0.0,-0.9788187,0.0,-0.20472896,0.0,-5243.0996,-160.0,-10281.204,1.0],"mass":0.0,"meta":"rock7"},{"@class":"me.vinceh121.wanderer.entity.Prop","id":52,"transform":[0.57803696,0.0,-0.8160106,0.0,0.0,1.0,0.0,0.0,0.8160106,0.0,0.57803696,0.0,-3866.8164,-160.0,-7185.5176,1.0],"mass":0.0,"meta":"rock6"},{"@class":"me.vinceh121.wanderer.entity.Prop","id":53,"transform":[-0.9216198,0.0,-0.38809377,0.0,0.0,1.0,0.0,0.0,0.38809377,0.0,-0.9216198,0.0,-5800.0557,-160.0,-9544.407,1.0],"mass":0.0,"meta":"rock1"},{"@class":"me.vinceh121.wanderer.entity.Prop","id":54,"transform":[0.99781746,0.0,0.06603231,0.0,0.0,1.0,0.0,0.0,-0.06603231,0.0,0.99781746,0.0,-5305.49,-160.0,-3531.0488,1.0],"mass":0.0,"meta":"rock4"},{"@class":"me.vinceh121.wanderer.entity.Prop","id":55,"transform":[-0.9851874,0.0,-0.17148046,0.0,0.0,1.0,0.0,0.0,0.17148046,0.0,-0.9851874,0.0,-5455.7456,-160.0,-2508.912,1.0],"mass":0.0,"meta":"rock3"},{"@class":"me.vinceh121.wanderer.entity.Prop","id":56,"transform":[-0.8844416,0.0,0.46665102,0.0,0.0,1.0,0.0,0.0,-0.46665102,0.0,-0.8844416,0.0,-10611.315,-160.0,-1600.2764,1.0],"mass":0.0,"meta":"rock4"},{"@class":"me.vinceh121.wanderer.entity.Prop","id":57,"transform":[0.9636978,0.0,0.2669955,0.0,0.0,1.0,0.0,0.0,-0.2669955,0.0,0.9636978,0.0,-10408.238,-160.0,-8237.075,1.0],"mass":0.0,"meta":"rock1"},{"@class":"me.vinceh121.wanderer.entity.Prop","id":58,"transform":[-0.72018456,0.0,-0.6937823,0.0,0.0,1.0,0.0,0.0,0.6937823,0.0,-0.72018456,0.0,-5771.805,-160.0,-2612.3672,1.0],"mass":0.0,"meta":"rock4"},{"@class":"me.vinceh121.wanderer.entity.Prop","id":59,"transform":[0.6653624,0.0,0.7465205,0.0,0.0,1.0,0.0,0.0,-0.7465205,0.0,0.6653624,0.0,-4171.884,-160.0,-7341.1587,1.0],"mass":0.0,"meta":"rock4"},{"@class":"me.vinceh121.wanderer.entity.Prop","id":60,"transform":[0.76496863,0.0,0.6440675,0.0,0.0,1.0,0.0,0.0,-0.6440675,0.0,0.76496863,0.0,-3357.4092,-160.0,-3359.4985,1.0],"mass":0.0,"meta":"rock2"},{"@class":"me.vinceh121.wanderer.entity.Prop","id":61,"transform":[0.9908486,0.0,0.1349778,0.0,0.0,1.0,0.0,0.0,-0.1349778,0.0,0.9908486,0.0,-7206.0435,-160.0,-7495.234,1.0],"mass":0.0,"meta":"rock2"},{"@class":"me.vinceh121.wanderer.entity.Prop","id":62,"transform":[-0.85852647,0.0,0.51276916,0.0,0.0,1.0,0.0,0.0,-0.51276916,0.0,-0.85852647,0.0,-9262.856,-160.0,-5508.9004,1.0],"mass":0.0,"meta":"rock1"},{"@class":"me.vinceh121.wanderer.entity.Prop","id":63,"transform":[0.94834274,0.0,0.31724757,0.0,0.0,1.0,0.0,0.0,-0.31724757,0.0,0.94834274,0.0,-6041.745,-160.0,-2677.1821,1.0],"mass":0.0,"meta":"rock2"},{"@class":"me.vinceh121.wanderer.entity.Prop","id":64,"transform":[0.40191364,0.0,0.9156776,0.0,0.0,1.0,0.0,0.0,-0.9156776,0.0,0.40191364,0.0,-8856.939,-160.0,-3544.359,1.0],"mass":0.0,"meta":"rock6"},{"@class":"me.vinceh121.wanderer.entity.Prop","id":65,"transform":[-0.89030993,0.0,0.4553551,0.0,0.0,1.0,0.0,0.0,-0.4553551,0.0,-0.89030993,0.0,-6830.559,-160.0,-3841.0776,1.0],"mass":0.0,"meta":"rock2"},{"@class":"me.vinceh121.wanderer.entity.Prop","id":66,"transform":[-0.19212115,0.0,0.9813712,0.0,0.0,1.0,0.0,0.0,-0.9813712,0.0,-0.19212115,0.0,-4886.4067,-160.0,-8228.59,1.0],"mass":0.0,"meta":"rock4"},{"@class":"me.vinceh121.wanderer.entity.Prop","id":67,"transform":[0.05140084,0.0,-0.9986781,0.0,0.0,1.0,0.0,0.0,0.9986781,0.0,0.05140084,0.0,-8949.939,-160.0,-3605.9893,1.0],"mass":0.0,"meta":"rock7"},{"@class":"me.vinceh121.wanderer.entity.Prop","id":68,"transform":[0.95678455,0.0,-0.29079783,0.0,0.0,1.0,0.0,0.0,0.29079783,0.0,0.95678455,0.0,-10798.979,-160.0,-9775.564,1.0],"mass":0.0,"meta":"rock7"},{"@class":"me.vinceh121.wanderer.entity.Prop","id":69,"transform":[-0.84618914,0.0,-0.5328824,0.0,0.0,1.0,0.0,0.0,0.5328824,0.0,-0.84618914,0.0,-10977.984,-160.0,-6026.711,1.0],"mass":0.0,"meta":"rock2"},{"@class":"me.vinceh121.wanderer.entity.Prop","id":70,"transform":[0.96977454,0.0,-0.24400268,0.0,0.0,1.0,0.0,0.0,0.24400268,0.0,0.96977454,0.0,-5938.5728,-160.0,-4323.187,1.0],"mass":0.0,"meta":"rock3"},{"@class":"me.vinceh121.wanderer.entity.Prop","id":71,"transform":[0.99986875,0.0,-0.016201962,0.0,0.0,1.0,0.0,0.0,0.016201962,0.0,0.99986875,0.0,-11998.043,-160.0,-6585.1953,1.0],"mass":0.0,"meta":"rock5"},{"@class":"me.vinceh121.wanderer.entity.Prop","id":72,"transform":[-0.6782769,0.0,-0.73480636,0.0,0.0,1.0,0.0,0.0,0.73480636,0.0,-0.6782769,0.0,-4322.6772,-160.0,-6791.8926,1.0],"mass":0.0,"meta":"rock3"},{"@class":"me.vinceh121.wanderer.entity.Prop","id":73,"transform":[-0.98592734,0.0,-0.16717383,0.0,0.0,1.0,0.0,0.0,0.16717383,0.0,-0.98592734,0.0,-3809.7803,-160.0,-10208.438,1.0],"mass":0.0,"meta":"rock4"},{"@class":"me.vinceh121.wanderer.entity.Prop","id":74,"transform":[-0.99180377,0.0,0.12777123,0.0,0.0,1.0,0.0,0.0,-0.12777123,0.0,-0.99180377,0.0,-9437.389,-160.0,-9803.545,1.0],"mass":0.0,"meta":"rock6"},{"@class":"me.vinceh121.wanderer.entity.Prop","id":75,"transform":[-0.8116238,0.0,-0.5841806,0.0,0.0,1.0,0.0,0.0,0.5841806,0.0,-0.8116238,0.0,-11208.319,-160.0,-7379.3164,1.0],"mass":0.0,"meta":"rock2"},{"@class":"me.vinceh121.wanderer.entity.Prop","id":76,"transform":[0.7336731,0.0,0.6795026,0.0,0.0,1.0,0.0,0.0,-0.6795026,0.0,0.7336731,0.0,-10679.953,-160.0,-5017.683,1.0],"mass":0.0,"meta":"rock5"},{"@class":"me.vinceh121.wanderer.entity.Prop","id":77,"transform":[-0.94122696,0.0,-0.33777475,0.0,0.0,1.0,0.0,0.0,0.33777475,0.0,-0.94122696,0.0,-4046.7324,-160.0,-10261.369,1.0],"mass":0.0,"meta":"rock3"},{"@class":"me.vinceh121.wanderer.entity.Prop","id":78,"transform":[0.07382238,0.0,-0.9972714,0.0,0.0,1.0,0.0,0.0,0.9972714,0.0,0.07382238,0.0,-8741.768,-160.0,-10018.489,1.0],"mass":0.0,"meta":"rock1"},{"@class":"me.vinceh121.wanderer.entity.Prop","id":79,"transform":[-0.77528787,0.0,0.631608,0.0,0.0,1.0,0.0,0.0,-0.631608,0.0,-0.77528787,0.0,-11319.663,-160.0,-8206.748,1.0],"mass":0.0,"meta":"rock6"},{"@class":"me.vinceh121.wanderer.entity.Prop","id":80,"transform":[-0.61030614,0.0,-0.7921656,0.0,0.0,1.0,0.0,0.0,0.7921656,0.0,-0.61030614,0.0,-3356.6094,-160.0,-8756.005,1.0],"mass":0.0,"meta":"rock4"},{"@class":"me.vinceh121.wanderer.entity.Prop","id":81,"transform":[0.46767378,0.0,0.8839011,0.0,0.0,1.0,0.0,0.0,-0.8839011,0.0,0.46767378,0.0,-6997.0464,-160.0,-7058.5703,1.0],"mass":0.0,"meta":"rock6"},{"@class":"me.vinceh121.wanderer.entity.Prop","id":82,"transform":[0.15023679,0.0,0.9886501,0.0,0.0,1.0,0.0,0.0,-0.9886501,0.0,0.15023679,0.0,-9439.4375,-160.0,-5508.9585,1.0],"mass":0.0,"meta":"rock2"},{"@class":"me.vinceh121.wanderer.entity.Prop","id":83,"transform":[0.92992157,0.0,-0.36775786,0.0,0.0,1.0,0.0,0.0,0.36775786,0.0,0.92992157,0.0,-7796.8584,-160.0,-8294.636,1.0],"mass":0.0,"meta":"rock2"},{"@class":"me.vinceh121.wanderer.entity.Prop","id":84,"transform":[0.96432555,0.0,-0.2647191,0.0,0.0,1.0,0.0,0.0,0.2647191,0.0,0.96432555,0.0,-9710.494,-160.0,-3394.207,1.0],"mass":0.0,"meta":"rock7"},{"@class":"me.vinceh121.wanderer.entity.Prop","id":85,"transform":[0.2754987,0.0,-0.96130145,0.0,0.0,1.0,0.0,0.0,0.96130145,0.0,0.2754987,0.0,-3514.5488,-160.0,-5288.966,1.0],"mass":0.0,"meta":"rock3"},{"@class":"me.vinceh121.wanderer.entity.Prop","id":86,"transform":[0.8792844,0.0,-0.4762971,0.0,0.0,1.0,0.0,0.0,0.4762971,0.0,0.8792844,0.0,-5437.4556,-160.0,-7599.1494,1.0],"mass":0.0,"meta":"rock4"},{"@class":"me.vinceh121.wanderer.entity.Prop","id":87,"transform":[-0.71500945,0.0,-0.6991147,0.0,0.0,1.0,0.0,0.0,0.6991147,0.0,-0.71500945,0.0,-7924.2534,-160.0,-5790.868,1.0],"mass":0.0,"meta":"rock5"},{"@class":"me.vinceh121.wanderer.entity.Prop","id":88,"transform":[-0.99129343,0.0,0.13167237,0.0,0.0,1.0,0.0,0.0,-0.13167237,0.0,-0.99129343,0.0,-10935.271,-160.0,-4758.5845,1.0],"mass":0.0,"meta":"rock4"},{"@class":"me.vinceh121.wanderer.entity.Prop","id":89,"transform":[-0.19438028,0.0,-0.9809263,0.0,0.0,1.0,0.0,0.0,0.9809263,0.0,-0.19438028,0.0,-8633.105,-160.0,-2138.2197,1.0],"mass":0.0,"meta":"rock5"},{"@class":"me.vinceh121.wanderer.entity.Prop","id":90,"transform":[-0.99805117,0.0,-0.062399503,0.0,0.0,1.0,0.0,0.0,0.062399503,0.0,-0.99805117,0.0,-4938.89,-160.0,-3236.3765,1.0],"mass":0.0,"meta":"rock3"},{"@class":"me.vinceh121.wanderer.entity.Prop","id":91,"transform":[-0.14953113,0.0,0.988757,0.0,0.0,1.0,0.0,0.0,-0.988757,0.0,-0.14953113,0.0,-4604.9375,-160.0,-9732.401,1.0],"mass":0.0,"meta":"rock6"},{"@class":"me.vinceh121.wanderer.entity.Prop","id":92,"transform":[-0.6605048,0.0,-0.7508217,0.0,0.0,1.0,0.0,0.0,0.7508217,0.0,-0.6605048,0.0,-7908.4087,-160.0,-4504.8647,1.0],"mass":0.0,"meta":"rock3"},{"@class":"me.vinceh121.wanderer.entity.Prop","id":93,"transform":[-0.95129657,0.0,0.30827746,0.0,0.0,1.0,0.0,0.0,-0.30827746,0.0,-0.95129657,0.0,-3373.335,-160.0,-5906.8115,1.0],"mass":0.0,"meta":"rock4"},{"@class":"me.vinceh121.wanderer.entity.Prop","id":94,"transform":[0.5204147,0.0,0.8539136,0.0,0.0,1.0,0.0,0.0,-0.8539136,0.0,0.5204147,0.0,-4739.2725,-160.0,-5341.3735,1.0],"mass":0.0,"meta":"rock4"},{"@class":"me.vinceh121.wanderer.entity.Prop","id":95,"transform":[-0.7997705,0.0,0.6003059,0.0,0.0,1.0,0.0,0.0,-0.6003059,0.0,-0.7997705,0.0,-12236.5205,-160.0,-4519.1367,1.0],"mass":0.0,"meta":"rock3"},{"@class":"me.vinceh121.wanderer.entity.Prop","id":96,"transform":[-0.099707484,0.0,0.99501675,0.0,0.0,1.0,0.0,0.0,-0.99501675,0.0,-0.099707484,0.0,-6231.986,-160.0,-3181.248,1.0],"mass":0.0,"meta":"rock1"},{"@class":"me.vinceh121.wanderer.entity.Prop","id":97,"transform":[0.029335082,0.0,0.99956965,0.0,0.0,1.0,0.0,0.0,-0.99956965,0.0,0.029335082,0.0,-5967.717,-160.0,-3389.5234,1.0],"mass":0.0,"meta":"rock7"},{"@class":"me.vinceh121.wanderer.entity.Prop","id":98,"transform":[0.5075296,0.0,0.8616343,0.0,0.0,1.0,0.0,0.0,-0.8616343,0.0,0.5075296,0.0,-7026.394,-160.0,-5680.747,1.0],"mass":0.0,"meta":"rock6"},{"@class":"me.vinceh121.wanderer.entity.Prop","id":99,"transform":[-0.2800635,0.0,-0.9599815,0.0,0.0,1.0,0.0,0.0,0.9599815,0.0,-0.2800635,0.0,-10784.602,-160.0,-5092.5776,1.0],"mass":0.0,"meta":"rock3"},{"@class":"me.vinceh121.wanderer.entity.Prop","id":100,"transform":[0.41486508,0.0,-0.9098829,0.0,0.0,1.0,0.0,0.0,0.9098829,0.0,0.41486508,0.0,-4524.8936,-160.0,-5350.709,1.0],"mass":0.0,"meta":"rock3"},{"@class":"me.vinceh121.wanderer.entity.Prop","id":101,"transform":[-0.99883664,0.0,-0.04822139,0.0,0.0,1.0,0.0,0.0,0.04822139,0.0,-0.99883664,0.0,-9500.202,-160.0,-8590.564,1.0],"mass":0.0,"meta":"rock4"},{"@class":"me.vinceh121.wanderer.entity.Prop","id":102,"transform":[0.31695104,0.0,-0.94844186,0.0,0.0,1.0,0.0,0.0,0.94844186,0.0,0.31695104,0.0,-8617.068,-160.0,-5023.3047,1.0],"mass":0.0,"meta":"rock3"},{"@class":"me.vinceh121.wanderer.entity.Prop","id":103,"transform":[-0.9650457,0.0,0.26208133,0.0,0.0,1.0,0.0,0.0,-0.26208133,0.0,-0.9650457,0.0,-10925.023,-160.0,-5768.47,1.0],"mass":0.0,"meta":"rock7"},{"@class":"me.vinceh121.wanderer.entity.Prop","id":104,"transform":[-0.013871551,0.0,-0.99990374,0.0,0.0,1.0,0.0,0.0,0.99990374,0.0,-0.013871551,0.0,-4775.037,-160.0,-1909.2812,1.0],"mass":0.0,"meta":"rock2"},{"@class":"me.vinceh121.wanderer.entity.Prop","id":105,"transform":[-0.7970835,0.0,0.6038691,0.0,0.0,1.0,0.0,0.0,-0.6038691,0.0,-0.7970835,0.0,-6706.392,-160.0,-8098.539,1.0],"mass":0.0,"meta":"rock5"},{"@class":"me.vinceh121.wanderer.entity.Prop","id":106,"transform":[0.4307075,0.0,-0.90249157,0.0,0.0,1.0,0.0,0.0,0.90249157,0.0,0.4307075,0.0,-7314.4204,-160.0,-5091.9805,1.0],"mass":0.0,"meta":"rock2"},{"@class":"me.vinceh121.wanderer.entity.Prop","id":107,"transform":[0.7062021,0.0,-0.7080103,0.0,0.0,1.0,0.0,0.0,0.7080103,0.0,0.7062021,0.0,-9876.014,-160.0,-1422.6621,1.0],"mass":0.0,"meta":"rock5"},{"@class":"me.vinceh121.wanderer.entity.Prop","id":108,"transform":[-0.40478635,0.0,0.9144113,0.0,0.0,1.0,0.0,0.0,-0.9144113,0.0,-0.40478635,0.0,-7310.1323,-160.0,-7487.046,1.0],"mass":0.0,"meta":"rock1"},{"@class":"me.vinceh121.wanderer.entity.Prop","id":109,"transform":[0.17225248,0.0,-0.9850528,0.0,0.0,1.0,0.0,0.0,0.9850528,0.0,0.17225248,0.0,-5430.3994,-160.0,-3195.4922,1.0],"mass":0.0,"meta":"rock7"},{"@class":"me.vinceh121.wanderer.entity.Prop","id":110,"transform":[-0.9545132,0.0,-0.29816857,0.0,0.0,1.0,0.0,0.0,0.29816857,0.0,-0.9545132,0.0,-4819.334,-160.0,-6573.0654,1.0],"mass":0.0,"meta":"rock6"},{"@class":"me.vinceh121.wanderer.entity.Prop","id":111,"transform":[-0.8420236,0.0,-0.53944063,0.0,0.0,1.0,0.0,0.0,0.53944063,0.0,-0.8420236,0.0,-10291.296,-160.0,-5479.3813,1.0],"mass":0.0,"meta":"rock5"},{"@class":"me.vinceh121.wanderer.entity.Prop","id":112,"transform":[-0.22438538,0.0,-0.9745005,0.0,0.0,1.0,0.0,0.0,0.9745005,0.0,-0.22438538,0.0,-4695.682,-160.0,-2568.545,1.0],"mass":0.0,"meta":"rock7"},{"@class":"me.vinceh121.wanderer.entity.Prop","id":113,"transform":[-0.7203493,0.0,0.6936115,0.0,0.0,1.0,0.0,0.0,-0.6936115,0.0,-0.7203493,0.0,-7984.4883,-160.0,-4524.24,1.0],"mass":0.0,"meta":"rock3"},{"@class":"me.vinceh121.wanderer.entity.Prop","id":114,"transform":[-0.9332609,0.0,0.35919932,0.0,0.0,1.0,0.0,0.0,-0.35919932,0.0,-0.9332609,0.0,-10379.613,-160.0,-10194.474,1.0],"mass":0.0,"meta":"rock1"},{"@class":"me.vinceh121.wanderer.entity.Prop","id":115,"transform":[0.8707399,0.0,-0.49174395,0.0,0.0,1.0,0.0,0.0,0.49174395,0.0,0.8707399,0.0,-11335.263,-160.0,-4901.173,1.0],"mass":0.0,"meta":"rock5"},{"@class":"me.vinceh121.wanderer.entity.Prop","id":116,"transform":[0.33926016,0.0,0.9406926,0.0,0.0,1.0,0.0,0.0,-0.9406926,0.0,0.33926016,0.0,-4618.7354,-160.0,-5719.326,1.0],"mass":0.0,"meta":"rock7"},{"@class":"me.vinceh121.wanderer.entity.Prop","id":117,"transform":[0.17640007,0.0,-0.98431855,0.0,0.0,1.0,0.0,0.0,0.98431855,0.0,0.17640007,0.0,-6407.566,-160.0,-3888.207,1.0],"mass":0.0,"meta":"rock3"},{"@class":"me.vinceh121.wanderer.entity.Prop","id":118,"transform":[-0.5265058,0.0,-0.85017157,0.0,0.0,1.0,0.0,0.0,0.85017157,0.0,-0.5265058,0.0,-11110.48,-160.0,-6634.7607,1.0],"mass":0.0,"meta":"rock3"},{"@class":"me.vinceh121.wanderer.entity.Prop","id":119,"transform":[-0.8325355,0.0,0.55397147,0.0,0.0,1.0,0.0,0.0,-0.55397147,0.0,-0.8325355,0.0,-4811.3257,-160.0,-6129.6978,1.0],"mass":0.0,"meta":"rock5"},{"@class":"me.vinceh121.wanderer.entity.Prop","id":120,"transform":[-0.55274296,0.0,-0.83335185,0.0,0.0,1.0,0.0,0.0,0.83335185,0.0,-0.55274296,0.0,-10566.016,-160.0,-4055.3555,1.0],"mass":0.0,"meta":"rock4"},{"@class":"me.vinceh121.wanderer.entity.Prop","id":121,"transform":[-0.80757976,0.0,-0.5897584,0.0,0.0,1.0,0.0,0.0,0.5897584,0.0,-0.80757976,0.0,-7368.644,-160.0,-8507.988,1.0],"mass":0.0,"meta":"rock7"},{"@class":"me.vinceh121.wanderer.entity.Prop","id":122,"transform":[0.96680635,0.0,-0.2555102,0.0,0.0,1.0,0.0,0.0,0.2555102,0.0,0.96680635,0.0,-7669.9873,-160.0,-1774.6025,1.0],"mass":0.0,"meta":"rock1"},{"@class":"me.vinceh121.wanderer.entity.Prop","id":123,"transform":[0.9380412,0.0,-0.34652376,0.0,0.0,1.0,0.0,0.0,0.34652376,0.0,0.9380412,0.0,-6964.502,-160.0,-8676.612,1.0],"mass":0.0,"meta":"rock6"},{"@class":"me.vinceh121.wanderer.entity.Prop","id":124,"transform":[0.5817358,0.0,-0.8133778,0.0,0.0,1.0,0.0,0.0,0.8133778,0.0,0.5817358,0.0,-3855.0186,-160.0,-7842.0034,1.0],"mass":0.0,"meta":"rock7"},{"@class":"me.vinceh121.wanderer.entity.Prop","id":125,"transform":[0.99064815,0.0,0.1364414,0.0,0.0,1.0,0.0,0.0,-0.1364414,0.0,0.99064815,0.0,-8211.344,-160.0,-4808.8633,1.0],"mass":0.0,"meta":"rock7"},{"@class":"me.vinceh121.wanderer.entity.Prop","id":126,"transform":[0.9176746,0.0,-0.39733276,0.0,0.0,1.0,0.0,0.0,0.39733276,0.0,0.9176746,0.0,-4722.948,-160.0,-4552.466,1.0],"mass":0.0,"meta":"rock5"},{"@class":"me.vinceh121.wanderer.entity.Prop","id":127,"transform":[-0.8000066,0.0,0.599991,0.0,0.0,1.0,0.0,0.0,-0.599991,0.0,-0.8000066,0.0,-10329.367,-160.0,-1813.7617,1.0],"mass":0.0,"meta":"rock1"},{"@class":"me.vinceh121.wanderer.entity.Prop","id":128,"transform":[0.6293804,0.0,0.77709734,0.0,0.0,1.0,0.0,0.0,-0.77709734,0.0,0.6293804,0.0,-4326.6694,-160.0,-6859.3267,1.0],"mass":0.0,"meta":"rock4"},{"@class":"me.vinceh121.wanderer.entity.Prop","id":129,"transform":[-0.9932325,0.0,0.11614262,0.0,0.0,1.0,0.0,0.0,-0.11614262,0.0,-0.9932325,0.0,-5385.5547,-160.0,-4563.4644,1.0],"mass":0.0,"meta":"rock4"},{"@class":"me.vinceh121.wanderer.entity.Prop","id":130,"transform":[-0.9987478,0.0,0.050026353,0.0,0.0,1.0,0.0,0.0,-0.050026353,0.0,-0.9987478,0.0,-5376.9673,-160.0,-1436.1855,1.0],"mass":0.0,"meta":"rock6"},{"@class":"me.vinceh121.wanderer.entity.Prop","id":131,"transform":[-0.96271694,0.0,-0.27051076,0.0,0.0,1.0,0.0,0.0,0.27051076,0.0,-0.96271694,0.0,-7744.4404,-160.0,-5561.8887,1.0],"mass":0.0,"meta":"rock4"},{"@class":"me.vinceh121.wanderer.entity.Prop","id":132,"transform":[-0.9637712,0.0,-0.2667302,0.0,0.0,1.0,0.0,0.0,0.2667302,0.0,-0.9637712,0.0,-5758.132,-160.0,-8920.367,1.0],"mass":0.0,"meta":"rock3"},{"@class":"me.vinceh121.wanderer.entity.Prop","id":133,"transform":[0.29760474,0.0,0.95468915,0.0,0.0,1.0,0.0,0.0,-0.95468915,0.0,0.29760474,0.0,-6262.3267,-160.0,-8963.831,1.0],"mass":0.0,"meta":"rock3"},{"@class":"me.vinceh121.wanderer.entity.Prop","id":134,"transform":[0.98907757,0.0,0.14739574,0.0,0.0,1.0,0.0,0.0,-0.14739574,0.0,0.98907757,0.0,-11524.179,-160.0,-2272.165,1.0],"mass":0.0,"meta":"rock7"},{"@class":"me.vinceh121.wanderer.entity.Prop","id":135,"transform":[0.14496875,0.0,-0.9894362,0.0,0.0,1.0,0.0,0.0,0.9894362,0.0,0.14496875,0.0,-4404.108,-160.0,-3927.086,1.0],"mass":0.0,"meta":"rock5"},{"@class":"me.vinceh121.wanderer.entity.Prop","id":136,"transform":[-0.7786366,0.0,0.627475,0.0,0.0,1.0,0.0,0.0,-0.627475,0.0,-0.7786366,0.0,-11804.366,-160.0,-5679.184,1.0],"mass":0.0,"meta":"rock6"},{"@class":"me.vinceh121.wanderer.entity.Prop","id":137,"transform":[0.7957931,0.0,-0.6055686,0.0,0.0,1.0,0.0,0.0,0.6055686,0.0,0.7957931,0.0,-4078.0972,-160.0,-2947.0713,1.0],"mass":0.0,"meta":"rock7"},{"@class":"me.vinceh121.wanderer.entity.Prop","id":138,"transform":[-0.5458894,0.0,-0.8378573,0.0,0.0,1.0,0.0,0.0,0.8378573,0.0,-0.5458894,0.0,-11772.271,-160.0,-6023.917,1.0],"mass":0.0,"meta":"rock3"},{"@class":"me.vinceh121.wanderer.entity.Prop","id":139,"transform":[0.48394924,0.0,-0.8750961,0.0,0.0,1.0,0.0,0.0,0.8750961,0.0,0.48394924,0.0,-3569.1787,-160.0,-3084.2139,1.0],"mass":0.0,"meta":"rock1"},{"@class":"me.vinceh121.wanderer.entity.Prop","id":140,"transform":[0.86752707,0.0,-0.49739,0.0,0.0,1.0,0.0,0.0,0.49739,0.0,0.86752707,0.0,-9027.027,-160.0,-5615.34,1.0],"mass":0.0,"meta":"rock3"},{"@class":"me.vinceh121.wanderer.entity.Prop","id":141,"transform":[0.21288061,0.0,-0.97707826,0.0,0.0,1.0,0.0,0.0,0.97707826,0.0,0.21288061,0.0,-8504.35,-160.0,-8848.831,1.0],"mass":0.0,"meta":"rock2"},{"@class":"me.vinceh121.wanderer.entity.Prop","id":142,"transform":[-0.7547412,0.0,-0.6560226,0.0,0.0,1.0,0.0,0.0,0.6560226,0.0,-0.7547412,0.0,-8398.411,-160.0,-2661.6714,1.0],"mass":0.0,"meta":"rock3"},{"@class":"me.vinceh121.wanderer.entity.Prop","id":143,"transform":[-0.89769006,0.0,-0.4406277,0.0,0.0,1.0,0.0,0.0,0.4406277,0.0,-0.89769006,0.0,-3307.165,-160.0,-3956.4878,1.0],"mass":0.0,"meta":"rock2"},{"@class":"me.vinceh121.wanderer.entity.Prop","id":144,"transform":[-0.84686863,0.0,-0.53180206,0.0,0.0,1.0,0.0,0.0,0.53180206,0.0,-0.84686863,0.0,-8319.304,-160.0,-1831.5518,1.0],"mass":0.0,"meta":"rock1"},{"@class":"me.vinceh121.wanderer.entity.Prop","id":145,"transform":[0.20127189,0.0,-0.97953546,0.0,0.0,1.0,0.0,0.0,0.97953546,0.0,0.20127189,0.0,-6088.791,-160.0,-10208.812,1.0],"mass":0.0,"meta":"rock6"},{"@class":"me.vinceh121.wanderer.entity.Prop","id":146,"transform":[-0.98512995,0.0,0.1718104,0.0,0.0,1.0,0.0,0.0,-0.1718104,0.0,-0.98512995,0.0,-6509.6377,-160.0,-8214.762,1.0],"mass":0.0,"meta":"rock4"},{"@class":"me.vinceh121.wanderer.entity.Prop","id":147,"transform":[-0.99999094,0.0,-0.004240889,0.0,0.0,1.0,0.0,0.0,0.004240889,0.0,-0.99999094,0.0,-3383.38,-160.0,-9390.473,1.0],"mass":0.0,"meta":"rock7"},{"@class":"me.vinceh121.wanderer.entity.Prop","id":148,"transform":[0.96135443,0.0,-0.27531368,0.0,0.0,1.0,0.0,0.0,0.27531368,0.0,0.96135443,0.0,-4785.273,-160.0,-10051.244,1.0],"mass":0.0,"meta":"rock1"},{"@class":"me.vinceh121.wanderer.entity.Prop","id":149,"transform":[-0.99995947,0.0,0.009005274,0.0,0.0,1.0,0.0,0.0,-0.009005274,0.0,-0.99995947,0.0,-10564.136,-160.0,-4302.5425,1.0],"mass":0.0,"meta":"rock6"},{"@class":"me.vinceh121.wanderer.entity.Prop","id":150,"transform":[0.90710175,0.0,-0.42091146,0.0,0.0,1.0,0.0,0.0,0.42091146,0.0,0.90710175,0.0,-3343.338,-160.0,-1748.5107,1.0],"mass":0.0,"meta":"rock1"},{"@class":"me.vinceh121.wanderer.entity.Prop","id":151,"transform":[-0.93995714,0.0,-0.3412922,0.0,0.0,1.0,0.0,0.0,0.3412922,0.0,-0.93995714,0.0,-10173.942,-160.0,-3875.6875,1.0],"mass":0.0,"meta":"rock3"},{"@class":"me.vinceh121.wanderer.entity.Prop","id":152,"transform":[-0.758201,0.0,0.652021,0.0,0.0,1.0,0.0,0.0,-0.652021,0.0,-0.758201,0.0,-9882.395,-160.0,-3952.6982,1.0],"mass":0.0,"meta":"rock2"},{"@class":"me.vinceh121.wanderer.entity.Prop","id":153,"transform":[-0.784963,0.0,0.61954254,0.0,0.0,1.0,0.0,0.0,-0.61954254,0.0,-0.784963,0.0,-9770.613,-160.0,-7723.626,1.0],"mass":0.0,"meta":"rock7"},{"@class":"me.vinceh121.wanderer.entity.Prop","id":154,"transform":[-0.53221714,0.0,0.8466078,0.0,0.0,1.0,0.0,0.0,-0.8466078,0.0,-0.53221714,0.0,-4391.3955,-160.0,-8777.332,1.0],"mass":0.0,"meta":"rock3"},{"@class":"me.vinceh121.wanderer.entity.Prop","id":155,"transform":[-0.89496434,0.0,0.44613796,0.0,0.0,1.0,0.0,0.0,-0.44613796,0.0,-0.89496434,0.0,-7221.795,-160.0,-3508.0503,1.0],"mass":0.0,"meta":"rock2"},{"@class":"me.vinceh121.wanderer.entity.Prop","id":156,"transform":[0.8813698,0.0,-0.4724269,0.0,0.0,1.0,0.0,0.0,0.4724269,0.0,0.8813698,0.0,-10385.709,-160.0,-4726.54,1.0],"mass":0.0,"meta":"rock5"},{"@class":"me.vinceh121.wanderer.entity.Prop","id":157,"transform":[0.09555948,0.0,0.99542373,0.0,0.0,1.0,0.0,0.0,-0.99542373,0.0,0.09555948,0.0,-9688.265,-160.0,-8090.681,1.0],"mass":0.0,"meta":"rock7"},{"@class":"me.vinceh121.wanderer.entity.Prop","id":158,"transform":[0.85931236,0.0,0.5114511,0.0,0.0,1.0,0.0,0.0,-0.5114511,0.0,0.85931236,0.0,-9781.594,-160.0,-6375.7754,1.0],"mass":0.0,"meta":"rock2"},{"@class":"me.vinceh121.wanderer.entity.Prop","id":159,"transform":[-0.67792726,0.0,0.7351289,0.0,0.0,1.0,0.0,0.0,-0.7351289,0.0,-0.67792726,0.0,-9806.816,-160.0,-1646.375,1.0],"mass":0.0,"meta":"rock3"},{"@class":"me.vinceh121.wanderer.entity.Prop","id":160,"transform":[0.6335374,0.0,0.7737121,0.0,0.0,1.0,0.0,0.0,-0.7737121,0.0,0.6335374,0.0,-3482.3457,-160.0,-3493.2632,1.0],"mass":0.0,"meta":"rock7"},{"@class":"me.vinceh121.wanderer.entity.Prop","id":161,"transform":[-0.23547077,0.0,-0.97188133,0.0,0.0,1.0,0.0,0.0,0.97188133,0.0,-0.23547077,0.0,-4825.146,-160.0,-5703.2017,1.0],"mass":0.0,"meta":"rock2"},{"@class":"me.vinceh121.wanderer.entity.Prop","id":162,"transform":[-0.6793877,0.0,-0.7337795,0.0,0.0,1.0,0.0,0.0,0.7337795,0.0,-0.6793877,0.0,-11099.884,-160.0,-6999.2188,1.0],"mass":0.0,"meta":"rock4"},{"@class":"me.vinceh121.wanderer.entity.Prop","id":163,"transform":[-0.14749312,0.0,0.98906314,0.0,0.0,1.0,0.0,0.0,-0.98906314,0.0,-0.14749312,0.0,-4651.124,-160.0,-2461.1401,1.0],"mass":0.0,"meta":"rock3"},{"@class":"me.vinceh121.wanderer.entity.Prop","id":164,"transform":[0.04491794,0.0,-0.9989907,0.0,0.0,1.0,0.0,0.0,0.9989907,0.0,0.04491794,0.0,-12054.947,-160.0,-4967.5293,1.0],"mass":0.0,"meta":"rock2"},{"@class":"me.vinceh121.wanderer.entity.Prop","id":165,"transform":[0.53147244,0.0,-0.8470756,0.0,0.0,1.0,0.0,0.0,0.8470756,0.0,0.53147244,0.0,-7957.509,-160.0,-7720.542,1.0],"mass":0.0,"meta":"rock3"},{"@class":"me.vinceh121.wanderer.entity.Prop","id":166,"transform":[0.07661092,0.0,-0.997061,0.0,0.0,1.0,0.0,0.0,0.997061,0.0,0.07661092,0.0,-9587.096,-160.0,-9775.944,1.0],"mass":0.0,"meta":"rock2"},{"@class":"me.vinceh121.wanderer.entity.Prop","id":167,"transform":[-0.99850965,0.0,0.054572724,0.0,0.0,1.0,0.0,0.0,-0.054572724,0.0,-0.99850965,0.0,-5630.6733,-160.0,-8324.751,1.0],"mass":0.0,"meta":"rock3"},{"@class":"me.vinceh121.wanderer.entity.Prop","id":168,"transform":[-0.6007323,0.0,0.7994503,0.0,0.0,1.0,0.0,0.0,-0.7994503,0.0,-0.6007323,0.0,-8962.576,-160.0,-1505.9414,1.0],"mass":0.0,"meta":"rock7"},{"@class":"me.vinceh121.wanderer.entity.Prop","id":169,"transform":[-0.99905956,0.0,-0.04335728,0.0,0.0,1.0,0.0,0.0,0.04335728,0.0,-0.99905956,0.0,-8968.078,-160.0,-6188.2573,1.0],"mass":0.0,"meta":"rock2"},{"@class":"me.vinceh121.wanderer.entity.Prop","id":170,"transform":[-0.63279843,0.0,0.7743165,0.0,0.0,1.0,0.0,0.0,-0.7743165,0.0,-0.63279843,0.0,-10393.703,-160.0,-9782.299,1.0],"mass":0.0,"meta":"rock6"},{"@class":"me.vinceh121.wanderer.entity.Prop","id":171,"transform":[-0.59729266,0.0,-0.8020234,0.0,0.0,1.0,0.0,0.0,0.8020234,0.0,-0.59729266,0.0,-4114.224,-160.0,-4742.5117,1.0],"mass":0.0,"meta":"rock5"},{"@class":"me.vinceh121.wanderer.entity.Prop","id":172,"transform":[-0.9438796,0.0,0.33028984,0.0,0.0,1.0,0.0,0.0,-0.33028984,0.0,-0.9438796,0.0,-9877.721,-160.0,-8425.027,1.0],"mass":0.0,"meta":"rock3"},{"@class":"me.vinceh121.wanderer.entity.Prop","id":173,"transform":[-0.3957703,0.0,0.9183495,0.0,0.0,1.0,0.0,0.0,-0.9183495,0.0,-0.3957703,0.0,-9278.496,-160.0,-4986.0137,1.0],"mass":0.0,"meta":"rock7"},{"@class":"me.vinceh121.wanderer.entity.Prop","id":174,"transform":[-0.021555662,0.0,-0.99976766,0.0,0.0,1.0,0.0,0.0,0.99976766,0.0,-0.021555662,0.0,-8326.219,-160.0,-1562.6748,1.0],"mass":0.0,"meta":"rock6"},{"@class":"me.vinceh121.wanderer.entity.Prop","id":175,"transform":[-0.9644699,0.0,0.26419288,0.0,0.0,1.0,0.0,0.0,-0.26419288,0.0,-0.9644699,0.0,-4300.793,-160.0,-2273.5273,1.0],"mass":0.0,"meta":"rock3"},{"@class":"me.vinceh121.wanderer.entity.Prop","id":176,"transform":[0.47837698,0.0,-0.8781545,0.0,0.0,1.0,0.0,0.0,0.8781545,0.0,0.47837698,0.0,-6987.988,-160.0,-10226.143,1.0],"mass":0.0,"meta":"rock1"},{"@class":"me.vinceh121.wanderer.entity.Prop","id":177,"transform":[-0.95491624,0.0,-0.29687572,0.0,0.0,1.0,0.0,0.0,0.29687572,0.0,-0.95491624,0.0,-6122.0435,-160.0,-5521.284,1.0],"mass":0.0,"meta":"rock2"},{"@class":"me.vinceh121.wanderer.entity.Prop","id":178,"transform":[-0.91126645,0.0,0.41181725,0.0,0.0,1.0,0.0,0.0,-0.41181725,0.0,-0.91126645,0.0,-5268.823,-160.0,-9906.014,1.0],"mass":0.0,"meta":"rock3"},{"@class":"me.vinceh121.wanderer.entity.Prop","id":179,"transform":[-0.12118864,0.0,0.9926295,0.0,0.0,1.0,0.0,0.0,-0.9926295,0.0,-0.12118864,0.0,-7676.663,-160.0,-3640.7515,1.0],"mass":0.0,"meta":"rock2"},{"@class":"me.vinceh121.wanderer.entity.Prop","id":180,"transform":[0.56562525,0.0,-0.8246624,0.0,0.0,1.0,0.0,0.0,0.8246624,0.0,0.56562525,0.0,-7621.067,-160.0,-7114.01,1.0],"mass":0.0,"meta":"rock2"},{"@class":"me.vinceh121.wanderer.entity.Prop","id":181,"transform":[0.8852596,0.0,-0.46509716,0.0,0.0,1.0,0.0,0.0,0.46509716,0.0,0.8852596,0.0,-5652.723,-160.0,-2743.058,1.0],"mass":0.0,"meta":"rock5"},{"@class":"me.vinceh121.wanderer.entity.Prop","id":182,"transform":[0.26094365,0.0,-0.965354,0.0,0.0,1.0,0.0,0.0,0.965354,0.0,0.26094365,0.0,-7213.824,-160.0,-7640.5645,1.0],"mass":0.0,"meta":"rock7"},{"@class":"me.vinceh121.wanderer.entity.Prop","id":183,"transform":[0.6113367,0.0,-0.7913706,0.0,0.0,1.0,0.0,0.0,0.7913706,0.0,0.6113367,0.0,-6463.066,-160.0,-4979.404,1.0],"mass":0.0,"meta":"rock2"},{"@class":"me.vinceh121.wanderer.entity.Prop","id":184,"transform":[0.9348682,0.0,0.35499492,0.0,0.0,1.0,0.0,0.0,-0.35499492,0.0,0.9348682,0.0,-7601.5747,-160.0,-6945.62,1.0],"mass":0.0,"meta":"rock3"},{"@class":"me.vinceh121.wanderer.entity.Prop","id":185,"transform":[-0.9847506,0.0,0.17397176,0.0,0.0,1.0,0.0,0.0,-0.17397176,0.0,-0.9847506,0.0,-6636.8037,-160.0,-4799.767,1.0],"mass":0.0,"meta":"rock6"},{"@class":"me.vinceh121.wanderer.entity.Prop","id":186,"transform":[0.9985777,0.0,0.053315446,0.0,0.0,1.0,0.0,0.0,-0.053315446,0.0,0.9985777,0.0,-9584.527,-160.0,-9958.609,1.0],"mass":0.0,"meta":"rock7"},{"@class":"me.vinceh121.wanderer.entity.Prop","id":187,"transform":[-0.4795903,0.0,-0.8774925,0.0,0.0,1.0,0.0,0.0,0.8774925,0.0,-0.4795903,0.0,-7675.6104,-160.0,-2922.9722,1.0],"mass":0.0,"meta":"rock4"},{"@class":"me.vinceh121.wanderer.entity.Prop","id":188,"transform":[-0.98933697,0.0,0.14564556,0.0,0.0,1.0,0.0,0.0,-0.14564556,0.0,-0.98933697,0.0,-5898.361,-160.0,-3496.2163,1.0],"mass":0.0,"meta":"rock7"},{"@class":"me.vinceh121.wanderer.entity.Prop","id":189,"transform":[-0.37784564,0.0,-0.9258686,0.0,0.0,1.0,0.0,0.0,0.9258686,0.0,-0.37784564,0.0,-11222.913,-160.0,-6415.666,1.0],"mass":0.0,"meta":"rock7"},{"@class":"me.vinceh121.wanderer.entity.Prop","id":190,"transform":[-0.465541,0.0,0.8850263,0.0,0.0,1.0,0.0,0.0,-0.8850263,0.0,-0.465541,0.0,-4284.127,-160.0,-2532.875,1.0],"mass":0.0,"meta":"rock7"},{"@class":"me.vinceh121.wanderer.entity.Prop","id":191,"transform":[-0.80343115,0.0,-0.59539765,0.0,0.0,1.0,0.0,0.0,0.59539765,0.0,-0.80343115,0.0,-8166.5645,-160.0,-3976.0132,1.0],"mass":0.0,"meta":"rock6"},{"@class":"me.vinceh121.wanderer.entity.Prop","id":192,"transform":[-0.26285982,0.0,0.9648341,0.0,0.0,1.0,0.0,0.0,-0.9648341,0.0,-0.26285982,0.0,-11870.876,-160.0,-6679.0635,1.0],"mass":0.0,"meta":"rock4"},{"@class":"me.vinceh121.wanderer.entity.Prop","id":193,"transform":[0.31501812,0.0,-0.94908565,0.0,0.0,1.0,0.0,0.0,0.94908565,0.0,0.31501812,0.0,-9036.78,-160.0,-5809.8696,1.0],"mass":0.0,"meta":"rock4"},{"@class":"me.vinceh121.wanderer.entity.Prop","id":194,"transform":[-0.9089955,0.0,0.4168057,0.0,0.0,1.0,0.0,0.0,-0.4168057,0.0,-0.9089955,0.0,-3654.2002,-160.0,-6436.351,1.0],"mass":0.0,"meta":"rock1"},{"@class":"me.vinceh121.wanderer.entity.Prop","id":195,"transform":[0.895026,0.0,-0.44601396,0.0,0.0,1.0,0.0,0.0,0.44601396,0.0,0.895026,0.0,-9771.081